0 0.427802 0.370178 0.026599 0.0277051
0 0.211485 0.181223 0.0292922 0.0309404
0 0.814083 0.37619 0.0253764 0.0277425
0 0.32309 0.841513 0.0287 0.0282763
0 0.144471 0.790011 0.0260891 0.0246221
0 0.506053 0.980553 0.029678 0.0309321
0 0.85603 0.260798 0.0288948 0.029423
0 0.646132 0.847165 0.0278273 0.0289159
0 0.803256 0.527182 0.0231279 0.0237781
0 0.862238 0.59248 0.028307 0.0290659
0 0.251548 0.797392 0.0458694 0.0467303
0 0.632351 0.622132 0.0321294 0.0296695
0 0.384516 0.143258 0.0270058 0.0268674
0 0.326942 0.913492 0.0206717 0.0216588
0 0.852005 0.212936 0.0258133 0.0230557
0 0.514661 0.541612 0.0244321 0.0271257
0 0.50329 0.685954 0.0218943 0.0239706
0 0.336973 0.370849 0.0339022 0.0358459
0 0.90481 0.101891 0.025559 0.0277718
0 0.252189 0.519297 0.0381802 0.0366479
0 0.894656 0.56358 0.0193038 0.0199652
0 0.229216 0.844644 0.0293253 0.0341692
0 0.873689 0.790629 0.0291155 0.0503567
0 0.339119 0.674595 0.0290771 0.0288363
0 0.792459 0.39786 0.0227224 0.0291489
0 0.143263 0.676183 0.0270728 0.0248587
0 0.654826 0.339781 0.0279714 0.028836
0 0.826217 0.634184 0.0332983 0.0351266
0 0.733493 0.709996 0.028049 0.0298024
0 0.760235 0.920505 0.0304257 0.030429
0 0.870966 0.352036 0.0238124 0.0244343
0 0.607877 0.654608 0.021153 0.0215588
0 0.668583 0.260997 0.0349807 0.0398115
0 0.378191 0.772631 0.0219113 0.0245058
0 0.10815 0.907389 0.0219053 0.0236246
0 0.864641 0.386496 0.023081 0.0218133
0 0.111452 0.834828 0.0255688 0.0265942
0 0.974678 0.974138 0.0221296 0.02345
0 0.978557 0.587832 0.0312512 0.0346438
0 0.543589 0.0349478 0.0244379 0.0228187
0 0.734618 0.416724 0.0258114 0.0253621
0 0.144693 0.373309 0.0440469 0.0414727
0 0.928334 0.480801 0.0422015 0.0394295
0 0.819985 0.45105 0.0254998 0.0282952
0 0.694957 0.294805 0.0266645 0.029844
0 0.700846 0.519846 0.0212771 0.0230722
0 0.874359 0.320233 0.0232572 0.021866
0 0.388473 0.770497 0.0385763 0.0283371
0 0.594018 0.729312 0.0240555 0.0231477
0 0.876915 0.0281317 0.0259798 0.0347197
0 0.309038 0.774302 0.0313215 0.0433159
0 0.268724 0.730818 0.0361621 0.0358594
0 0.803606 0.263789 0.0256187 0.0260461
0 0.151056 0.788384 0.0353197 0.0253062
0 0.717391 0.851263 0.0509803 0.0481051
0 0.274836 0.484656 0.023742 0.0282764
0 0.825334 0.110511 0.0237166 0.0248043
0 0.42997 0.186364 0.0244872 0.0251822
